v 0.691369515809292 1.2036364588441306 6.184104797920204
v 0.3179122719580619 1.9650340102300257 5.054894324339032
v -0.0787912510675978 12.278927265083082 -60.786242277442994
v -3.302248099110059 9.185477872942668 -27.768333643500572
v 6.613487187839764 -27.13554729806364 35.02216564664685
v -0.6194844646119939 5.880927332873609 15.371296203904198
v -9.807908316036183 10.426814608409703 -21.883231662370193
v -0.053100593483182544 2.7623235997524773 2.0596054853709966
v -0.2904798834997187 3.8113876827720756 -2.435508440625181
v -3.1623283038219507 9.170864805819946 -28.02448625892049
v 0.8180494131537677 0.9135806500003518 6.477688700050225
v 3.601119256954957 -11.539872511533943 23.66411252843254
v -0.24980903903099771 3.672136890703946 8.457399008989189
v -10.372239744914104 10.585594087160967 -21.305503846854766
v 3.509534790179843 -10.699119763384896 22.599830991724602
v -0.36927969689635803 6.104073534379268 -13.911695828215997
v -0.00362412224372797 2.6281568516865406 2.5895463308072766
v 4.93332921711799 -19.46618704462495 31.209593844730453
v -0.3633964803278334 4.714117616291135 -6.664324412354592
v -2.1117479206747776 9.142391694890556 -30.486468972468032
v -0.3932724534434269 5.527372284293847 -10.82494163084635
v 0.4183370406640666 1.8164871944432177 5.973978835970289
v 4.583778955939809 -17.79051970248056 30.00741450620746
v -0.35186345516561435 4.504473173607878 -5.625027706597145
v -12.342782175771651 11.250565123495317 -18.9927614230464
v 0.26379130461711753 2.2898292509226166 6.8886474273443214
v 3.5302207411083613 -11.044890530256765 23.043258214995127
v -0.10845806723453152 3.2864547900282313 7.956406078854586
v -0.4975972285297425 10.707392903083496 -45.58089893156206
v -0.6141832618154198 5.4645475428415295 13.38337400685426
v -3.5755286935112847 9.220084135440839 -27.240084551450085
v -0.7110126136151731 9.684779485897266 -37.59474619120349
v 7.542321701913345 -30.224665900226945 36.03903537344721
v 0.062453554587447405 12.451793214521492 -62.7383883100287
v 4.3391431889238365 -16.645796165401936 29.07101975229219
v -1.7979974045533968 9.183899078702282 -31.486533001621858
v -0.14809144660394513 12.165602206379676 -59.57988150582191
v 7.110822810426072 -28.853095236678126 35.61949564469153
v -0.33586374078013603 11.723624877910039 -55.27289887164562
v 3.9602314073681195 -14.404064685518657 26.94740445253891
v -14.281112741962676 11.986020034949927 -16.596469628739243
v 3.7141500980188513 -12.427179126758599 24.74323601745362
v 3.8352648130270683 -13.417528905144524 25.885646798524267
v 6.0803869754844335 -25.077963395876168 34.19330249824907
v -0.4615851463352588 11.19967305971107 -50.233352330724486
v 5.100647684017311 -20.20162300096449 31.68489584914037
v -0.2607830728284942 3.524860487071244 -1.1610138484230048
v -0.28816967238875923 11.855286677789241 -56.509198154619924
v 5.240301837643316 -20.871543159607086 32.08970493546902
v -0.19762912572883953 12.066952003410483 -58.57269884915967
v -0.239786385846495 11.975124320773258 -57.653154983144624
v -0.36584279695494226 7.096604004543286 22.68922571198469
v 0.15836181977359304 2.27701502825032 3.9856051864930446
v -0.4902790544345506 10.843671385590953 -46.76917955667153
v -0.4764232297976146 11.05514735716016 -48.792594226569314
v -9.242381483876926 10.312015042498258 -22.35458748760215
v -1.051252783034827 9.407785898196288 -34.74007923521249
v -0.20100472919369042 3.29000906678647 -0.18409065321883306
v -11.544012896356495 10.954809270104352 -20.00337684403923
v -0.619989477965262 5.636877036580394 14.145907833470865
v 5.642945541378097 -23.014804956828637 33.23664461157101
v 10.667531780855484 -38.97116193440098 37.63418626013101
v 0.0487598679862289 2.505652153025353 3.1330678967851355
v 2.7295549444910137 -6.366190924841338 16.47291617577979
v -4.093760546057442 9.314414081478882 -26.476389154978268
v -0.51342421901632 10.369425755233097 -42.95311104998256
v 4.0412023176683425 -14.961846039989496 27.517763500075617
v -14.620899573188442 12.129294389100906 -16.153383587007944
v 7.8724709233481835 -31.263737034558904 36.32313411399399
v 8.20255306678478 -32.265770479787136 36.57521355400635
v 1.568542353346859 -1.3543103840692825 9.001672032419526
v 3.0534579285464263 -7.656731074557792 18.440367155858947
v 2.1314704940246134 -3.863910950474322 12.421010745387871
v -0.4444124525808911 6.392485381126137 -15.223067770493937
v -13.160628637471904 11.565525762880656 -17.944573245547016
v -0.5427250509173978 4.882018167618276 11.280755144563217
v -0.3898454520215899 6.902406158742446 21.766523839701556
v 8.879036342988458 -34.258489378196785 37.00976418434781
v -10.931382624862332 10.757470909851492 -20.685248148540342
v -7.2198185474488294 9.9123622628265 -23.970353822210267
v 3.281988341283985 -8.845141595331672 20.12289561643529
v -0.40146708563844063 11.519351136310185 -53.360914174249686
v 5.8747750542716055 -24.140600818220328 33.77643874633943
v -0.36704328005873627 11.627072034855281 -54.37618624485578
v 2.259396110473247 -4.418923950257578 13.323146106983188
v -1.483922510208977 9.247973181694954 -32.635745381614015
v -0.4414071051628117 11.33699109707672 -51.606150063802296
v -0.5533641860997978 6.181771897685804 17.31053848657443
v -4.617000200276355 9.41905873022592 -25.909243209783344
v -0.48461666189619296 10.952267134541767 -47.79673127574922
v 8.407521055335087 -32.869390591153945 36.717815496316625
v -0.5025609255893159 10.548108749568927 -44.2994740572021
v -1.2525270118379226 9.318041972740344 -33.635121966915015
v -0.07711739368111041 8.605220410706604 28.175119155956253
v -0.6508673668411045 9.82116780380731 -38.7103893517153
v -0.35803419536044384 4.052670616109724 9.1782449481745
v -0.5838943570489059 5.1763860642485975 12.29762200281438
v 3.775836140667386 -12.959440341708165 25.368216339568445
v -0.26900698335807033 6.852229827056829 -17.68152961106147
v -0.14772706762655216 3.052767370626754 0.8265233758164227
v 2.9285784117516362 -7.101404098657442 17.614054441318785
v -2.594994515479972 9.133368767032316 -29.238821312524678
v 3.3244312514443175 -9.20253349601142 20.61561447121869
v 1.1179975185994375 0.1787375530523882 7.296923701701746
v 4.129119357659791 -15.553427987826668 28.087085002048397
v -0.33798745869702335 7.33745740472283 23.723970284939476
v -5.839895024958307 9.666890747868997 -24.922901138812914
v 0.16260051004197745 9.604815161224488 31.049911096002212
v -0.6248641509755177 5.732163897806905 14.603349374374805
v 0.16445777258211106 12.467210177226312 38.51259631276429
v -0.37160090624305026 4.869081339678652 -7.44238443103002
v -5.190814620785381 9.546127989668898 -25.357866584383018
v -0.4827346449853304 6.646238465742922 -16.41695296604977
v -0.3923533584315303 5.290432530167104 -9.591726006545233
v -0.49734711509235147 6.354295040303036 18.50384055704105
v 3.8659257936799336 -13.87885993685681 26.395000416601146
v 5.011929825814774 -19.786007648821343 31.423484719570364
v 0.0591388687280402 2.8207893698773603 7.412119157721399
v 1.7487737906001568 -2.217290752739231 10.103868271266256
v 3.195242643445361 -8.412114440196927 19.52146991264206
v -0.45513784396364776 6.530866426887657 19.68702732787162
v -13.699049675724176 11.760334831288718 -17.307919328595567
v -0.8029707247258766 9.585259908462701 -36.61845366436652
v -8.178717342553005 10.102729439018834 -23.212790425639387
v 2.606509271569265 -5.862834761821906 15.681020010970077
v -16.41953884352442 12.819596713453842 -14.083425767007958
v 7.28408264740665 -29.42776975858274 35.80049110347668
v 0.31762394725393966 11.276637582873297 35.314923712151675
v -11.273837292973726 10.864900413513675 -20.309642227590416
v -0.3792362604537177 5.037494984073302 -8.30927552196146
v -7.480914779779955 10.010612569158097 -23.664251020835977
v 4.484137027298513 -17.19432127462745 29.543566466020298
v 8.580332471792886 -33.398955706113206 36.83388064626594
v -0.3274631269814392 4.234273549418998 -4.365896737693211
v 4.666428093638062 -18.383417105914052 30.43997621305959
v 6.90075788364621 -28.145262149178556 35.383156886579535
v 5.461814652412658 -22.122059832367093 32.7806196259218
v -0.4149270549810487 6.740530555560275 20.92925805032848
v -0.37025556286867506 5.8994542309250395 -12.833131078438832
v 9.272527261961413 -35.34569701319336 37.20803486896742
v -0.46899810353007904 4.479720916058934 10.119078792051361
v -13.933417402609516 11.862074983454077 -16.988311738096094
v -0.595667689062013 6.042308430714552 16.343713797181998
v -0.2888320662841309 7.654017101549579 24.976950554544914
v 0.27801570105241585 10.324234662597728 32.925231278283576
v -6.2941626811624225 9.748762966286595 -24.618875314138613
v 2.414632299350227 -5.077455031138497 14.429610635928274
v 4.814333258530472 -18.811027666471368 30.764463444120388
v -0.3862832135140147 5.740848876068965 -11.963455912469193
v 1.6611077746899807 -1.772234913563501 9.52199472518978
v 3.4480498151774728 -10.198846608618338 21.948686345546093
v 4.205097474887182 -16.0867540000883 28.57394744704893
v -15.10644500871525 12.321669891938244 -15.565419688924559
v 6.41281078132809 -26.40248637733213 34.743619141002185
v -0.3566167569646985 4.601083668671947 -6.096796336209397
v -6.678895614007445 9.815348678262838 -24.362038542121013
v 5.772737064579842 -23.669163138695353 33.5561145406934
v 9.685726762241424 -36.45574852083338 37.37813356158063
v 0.9196564306471716 0.6665724262105148 6.720170921364206
v -0.24059886860676935 7.912885234808507 25.902074222595594
v 1.4355794025056088 -0.8086694494807375 8.354934928344866
v -11.84158926543293 11.048378497545292 -19.67879014190025
v 3.914824603742015 -14.004206313138685 26.52751914885824
v 0.039372683514230386 9.05294891729096 29.5124896926013
v 1.9137492682080421 -2.9913768239936878 11.150401797858791
v -8.887857505743966 10.161465324538737 -22.82456310517424
v -0.16932374686550136 8.223138767636478 26.959902838141854
v -0.4231332409622723 11.42828069301088 -52.483091058716944
v 6.287795216053615 -25.88220909501756 34.53524785073993
v 1.3085022017627885 -0.37607077321032273 7.870065779877192
v 2.529705535580913 -5.547915252283781 15.194656641399781
v 5.373058065991826 -21.628801578598516 32.517058667306415
v -0.5765366057299357 9.994106492384716 -40.13201006259974
v 3.3998012980337804 -9.760247950726262 21.367944386850898
v -0.8999703655381515 9.499366958085758 -35.770550184885074
v 2.0570905394882324 -3.5546874613082085 11.940205322969957
v -0.319798125122728 13.875533529326695 43.16026138703197
v 2.8296207319311635 -6.738222065776478 17.055239928333165
v -15.628732244152712 12.526073844892265 -14.945580690696826
v -0.5115958391323168 4.671542298946644 10.6702027645658
v -0.4283175219051367 6.651490107160173 20.416006884397824
v 3.130608516504019 -7.979147587910202 18.907352323797408
v -0.5333669813236438 10.178349712511935 -41.56685628069047
v 10.306978953895934 -38.064082334688024 37.56494450210077
v 10.006251579225967 -37.294228611560676 37.48599805576138
v 4.943973085259106 -19.278875157888955 31.09875935055121
v 5.952389834147231 -24.538081724320133 33.95502270237663
v 12.136795866581524 -42.752760975423 37.66815951317872
v 11.20822492949401 -40.30467776877504 37.69728828399542
e 109 127
e 109 176
e 144 107
e 144 127
e 188 61
e 188 187
e 184 183
e 184 157
e 61 183
e 157 139
e 139 77
e 77 132
e 90 132
e 90 69
e 69 68
e 68 32
e 32 126
e 37 126
e 37 135
e 135 4
e 4 153
e 153 168
e 163 93
e 163 107
e 43 186
e 43 168
e 186 82
e 82 156
e 156 60
e 60 136
e 136 171
e 171 48
e 93 166
e 48 45
e 45 116
e 116 17
e 17 185
e 185 147
e 147 134
e 134 22
e 166 159
e 131 34
e 131 22
e 34 151
e 151 104
e 159 143
e 104 66
e 66 39
e 143 105
e 162 115
e 162 39
e 115 42
e 105 51
e 42 97
e 97 41
e 41 11
e 51 76
e 11 26
e 76 137
e 26 14
e 137 180
e 14 150
e 150 173
e 173 102
e 180 120
e 102 80
e 120 114
e 114 87
e 181 71
e 181 119
e 80 119
e 71 100
e 87 142
e 142 5
e 177 100
e 177 63
e 63 124
e 124 170
e 5 108
e 108 59
e 170 146
e 146 84
e 59 29
e 29 96
e 84 72
e 96 75
e 72 175
e 175 164
e 75 179
e 164 118
e 118 149
e 140 179
e 140 95
e 95 12
e 149 70
e 12 27
e 27 117
e 70 160
e 160 169
e 169 103
e 117 25
e 103 158
e 25 21
e 158 10
e 10 0
e 0 21
e 21 1
e 1 52
e 62 16
e 62 52
e 16 7
e 7 99
e 99 57
e 57 46
e 46 8
e 8 133
e 133 23
e 23 154
e 18 154
e 18 110
e 110 129
e 129 113
e 113 20
e 20 148
e 138 148
e 138 15
e 15 73
e 98 112
e 98 111
e 73 112
e 128 58
e 128 78
e 78 13
e 13 6
e 24 161
e 24 74
e 161 58
e 2 36
e 2 33
e 50 49
e 50 47
e 36 49
e 47 38
e 130 79
e 130 123
e 79 155
e 55 165
e 55 6
e 123 165
e 155 145
e 145 106
e 3 9
e 3 30
e 19 35
e 19 101
e 9 101
e 88 64
e 88 111
e 64 30
e 141 121
e 141 40
e 121 74
e 67 40
e 67 152
e 178 152
e 178 125
e 111 106
e 35 85
e 85 92
e 28 53
e 28 91
e 53 89
e 89 54
e 65 91
e 65 182
e 54 44
e 31 122
e 31 94
e 122 174
e 94 172
e 182 172
e 56 174
e 56 92
e 38 83
e 83 81
e 167 86
e 167 81
e 44 86
